Table 1: Demographic and Clinical Characteristics, SLE population
	Total	No HCQ	HCQ	.u

1	   26,723 (100.0)	   19,887 (100.0)	    6,836 (100.0)	        0 (  .)

Population
.	        0 (0.0)	        0 (0.0)	        0 (0.0)	        0 (  .)
1	   26,723 (100.0)	   19,887 (100.0)	    6,836 (100.0)	        0 (  .)

Grouped age
1	    3,618 (13.5)	    2,473 (12.4)	    1,145 (16.7)	        0 (  .)
2	    4,320 (16.2)	    3,002 (15.1)	    1,318 (19.3)	        0 (  .)
3	    6,156 (23.0)	    4,424 (22.2)	    1,732 (25.3)	        0 (  .)
4	    5,655 (21.2)	    4,255 (21.4)	    1,400 (20.5)	        0 (  .)
5	    4,742 (17.7)	    3,809 (19.2)	      933 (13.6)	        0 (  .)
6	    2,232 (8.4)	    1,924 (9.7)	      308 (4.5)	        0 (  .)

Age (years)
Median (IQR)	58 (47-70)	60 (48-71)	55 (44-66)	. (.-.)
Mean (SD)	58.008345 (15.679707)	59.098255 (15.77821)	54.837624 (14.945312)	. (.)
Min, Max	18, 103	18, 103	18, 96	., .

Male
0	   21,999 (82.3)	   15,843 (79.7)	    6,156 (90.1)	        0 (  .)
1	    4,724 (17.7)	    4,044 (20.3)	      680 (9.9)	        0 (  .)

Ethnicity
1	   16,799 (62.9)	   12,600 (63.4)	    4,199 (61.4)	        0 (  .)
2	    1,986 (7.4)	    1,420 (7.1)	      566 (8.3)	        0 (  .)
3	    1,011 (3.8)	      734 (3.7)	      277 (4.1)	        0 (  .)
4	      400 (1.5)	      282 (1.4)	      118 (1.7)	        0 (  .)
5	      483 (1.8)	      338 (1.7)	      145 (2.1)	        0 (  .)
.	    6,044 (22.6)	    4,513 (22.7)	    1,531 (22.4)	        0 (  .)

Index of Multiple Deprivation (IMD)
1	    5,519 (20.7)	    4,156 (20.9)	    1,363 (19.9)	        0 (  .)
2	    5,503 (20.6)	    4,144 (20.8)	    1,359 (19.9)	        0 (  .)
3	    5,237 (19.6)	    3,939 (19.8)	    1,298 (19.0)	        0 (  .)
4	    5,156 (19.3)	    3,781 (19.0)	    1,375 (20.1)	        0 (  .)
5	    5,308 (19.9)	    3,867 (19.4)	    1,441 (21.1)	        0 (  .)
.	        0 (0.0)	        0 (0.0)	        0 (0.0)	        0 (  .)

Urban residence
0	    6,043 (22.6)	    4,447 (22.4)	    1,596 (23.3)	        0 (  .)
1	   20,680 (77.4)	   15,440 (77.6)	    5,240 (76.7)	        0 (  .)
.	        0 (0.0)	        0 (0.0)	        0 (0.0)	        0 (  .)

Grouped BMI
1	      656 (2.5)	      492 (2.5)	      164 (2.4)	        0 (  .)
2	    8,807 (33.0)	    6,611 (33.2)	    2,196 (32.1)	        0 (  .)
3	    7,698 (28.8)	    5,847 (29.4)	    1,851 (27.1)	        0 (  .)
4	    4,215 (15.8)	    3,021 (15.2)	    1,194 (17.5)	        0 (  .)
5	    1,836 (6.9)	    1,271 (6.4)	      565 (8.3)	        0 (  .)
6	      949 (3.6)	      633 (3.2)	      316 (4.6)	        0 (  .)
.	    2,562 (9.6)	    2,012 (10.1)	      550 (8.0)	        0 (  .)

Evidence of obesity (4 categories)
1	   19,723 (73.8)	   14,962 (75.2)	    4,761 (69.6)	        0 (  .)
2	    4,215 (15.8)	    3,021 (15.2)	    1,194 (17.5)	        0 (  .)
3	    1,836 (6.9)	    1,271 (6.4)	      565 (8.3)	        0 (  .)
4	      949 (3.6)	      633 (3.2)	      316 (4.6)	        0 (  .)
.	        0 (0.0)	        0 (0.0)	        0 (0.0)	        0 (  .)

Smoking status
1	   11,099 (41.5)	    8,051 (40.5)	    3,048 (44.6)	        0 (  .)
2	   11,110 (41.6)	    8,353 (42.0)	    2,757 (40.3)	        0 (  .)
3	    4,383 (16.4)	    3,378 (17.0)	    1,005 (14.7)	        0 (  .)
.	      131 (0.5)	      105 (0.5)	       26 (0.4)	        0 (  .)

Smoking status (missing set to non)
1	   11,230 (42.0)	    8,156 (41.0)	    3,074 (45.0)	        0 (  .)
2	   11,110 (41.6)	    8,353 (42.0)	    2,757 (40.3)	        0 (  .)
3	    4,383 (16.4)	    3,378 (17.0)	    1,005 (14.7)	        0 (  .)
.	        0 (0.0)	        0 (0.0)	        0 (0.0)	        0 (  .)

Diabetes Severity
1	   23,105 (86.5)	   17,042 (85.7)	    6,063 (88.7)	        0 (  .)
2	    2,675 (10.0)	    2,094 (10.5)	      581 (8.5)	        0 (  .)
3	      866 (3.2)	      701 (3.5)	      165 (2.4)	        0 (  .)
4	       77 (0.3)	       50 (0.3)	       27 (0.4)	        0 (  .)
.	        0 (0.0)	        0 (0.0)	        0 (0.0)	        0 (  .)

Calculated eGFR
1	   14,737 (55.1)	   10,130 (50.9)	    4,607 (67.4)	        0 (  .)
2	    2,418 (9.0)	    1,875 (9.4)	      543 (7.9)	        0 (  .)
3	      302 (1.1)	      237 (1.2)	       65 (1.0)	        0 (  .)
.	    9,266 (34.7)	    7,645 (38.4)	    1,621 (23.7)	        0 (  .)

Calculated eGFR (missing set to norm)
1	   24,003 (89.8)	   17,775 (89.4)	    6,228 (91.1)	        0 (  .)
2	    2,418 (9.0)	    1,875 (9.4)	      543 (7.9)	        0 (  .)
3	      302 (1.1)	      237 (1.2)	       65 (1.0)	        0 (  .)
.	        0 (0.0)	        0 (0.0)	        0 (0.0)	        0 (  .)

Chronic cardiac disease
0	   23,369 (87.4)	   17,306 (87.0)	    6,063 (88.7)	        0 (  .)
1	    3,354 (12.6)	    2,581 (13.0)	      773 (11.3)	        0 (  .)
.	        0 (0.0)	        0 (0.0)	        0 (0.0)	        0 (  .)

Chronic liver disease
0	   26,118 (97.7)	   19,449 (97.8)	    6,669 (97.6)	        0 (  .)
1	      605 (2.3)	      438 (2.2)	      167 (2.4)	        0 (  .)
.	        0 (0.0)	        0 (0.0)	        0 (0.0)	        0 (  .)

Respiratory disease (excl asthma)
0	   23,970 (89.7)	   17,813 (89.6)	    6,157 (90.1)	        0 (  .)
1	    2,753 (10.3)	    2,074 (10.4)	      679 (9.9)	        0 (  .)
.	        0 (0.0)	        0 (0.0)	        0 (0.0)	        0 (  .)

Neurological conditions (stroke+dementia+other)
0	   24,903 (93.2)	   18,531 (93.2)	    6,372 (93.2)	        0 (  .)
1	    1,820 (6.8)	    1,356 (6.8)	      464 (6.8)	        0 (  .)
.	        0 (0.0)	        0 (0.0)	        0 (0.0)	        0 (  .)

Diagnosed hypertension
0	   17,196 (64.3)	   12,736 (64.0)	    4,460 (65.2)	        0 (  .)
1	    9,527 (35.7)	    7,151 (36.0)	    2,376 (34.8)	        0 (  .)
.	        0 (0.0)	        0 (0.0)	        0 (0.0)	        0 (  .)

Diabetes
0	   23,105 (86.5)	   17,042 (85.7)	    6,063 (88.7)	        0 (  .)
1	    3,618 (13.5)	    2,845 (14.3)	      773 (11.3)	        0 (  .)
.	        0 (0.0)	        0 (0.0)	        0 (0.0)	        0 (  .)

Cancer
0	   24,303 (90.9)	   17,985 (90.4)	    6,318 (92.4)	        0 (  .)
1	    2,420 (9.1)	    1,902 (9.6)	      518 (7.6)	        0 (  .)
.	        0 (0.0)	        0 (0.0)	        0 (0.0)	        0 (  .)

Immunosuppressed (combination algorithm)
0	   25,954 (97.1)	   19,339 (97.2)	    6,615 (96.8)	        0 (  .)
1	      769 (2.9)	      548 (2.8)	      221 (3.2)	        0 (  .)
.	        0 (0.0)	        0 (0.0)	        0 (0.0)	        0 (  .)

Flu vaccine
0	   13,332 (49.9)	   10,490 (52.7)	    2,842 (41.6)	        0 (  .)
1	   13,391 (50.1)	    9,397 (47.3)	    3,994 (58.4)	        0 (  .)
.	        0 (0.0)	        0 (0.0)	        0 (0.0)	        0 (  .)

Pneumococcal Vaccine
0	   23,057 (86.3)	   17,435 (87.7)	    5,622 (82.2)	        0 (  .)
1	    3,666 (13.7)	    2,452 (12.3)	    1,214 (17.8)	        0 (  .)
.	        0 (0.0)	        0 (0.0)	        0 (0.0)	        0 (  .)

GP consultation in last year
0	    1,854 (6.9)	    1,704 (8.6)	      150 (2.2)	        0 (  .)
1	   24,869 (93.1)	   18,183 (91.4)	    6,686 (97.8)	        0 (  .)
.	        0 (0.0)	        0 (0.0)	        0 (0.0)	        0 (  .)

GP consultation count
Median (IQR)	8 (4-15)	7 (3-14)	10 (5-18)	. (.-.)
Mean (SD)	11.424952 (12.7999)	10.626892 (12.273587)	13.746635 (13.96466)	. (.)
Min, Max	0, 288	0, 262	0, 288	., .



HCQ
0	   19,887 (74.4)	   19,887 (100.0)	        0 (0.0)	        0 (  .)
1	    6,836 (25.6)	        0 (0.0)	    6,836 (100.0)	        0 (  .)
.	        0 (0.0)	        0 (0.0)	        0 (0.0)	        0 (  .)

DMARD (PC)
0	   23,696 (88.7)	   18,511 (93.1)	    5,185 (75.8)	        0 (  .)
1	    3,027 (11.3)	    1,376 (6.9)	    1,651 (24.2)	        0 (  .)
.	        0 (0.0)	        0 (0.0)	        0 (0.0)	        0 (  .)

Azithromycin
0	   26,625 (99.6)	   19,827 (99.7)	    6,798 (99.4)	        0 (  .)
1	       98 (0.4)	       60 (0.3)	       38 (0.6)	        0 (  .)
.	        0 (0.0)	        0 (0.0)	        0 (0.0)	        0 (  .)

OCS
0	   21,911 (82.0)	   17,065 (85.8)	    4,846 (70.9)	        0 (  .)
1	    4,812 (18.0)	    2,822 (14.2)	    1,990 (29.1)	        0 (  .)
.	        0 (0.0)	        0 (0.0)	        0 (0.0)	        0 (  .)

NSAIDs
0	   23,983 (89.7)	   18,247 (91.8)	    5,736 (83.9)	        0 (  .)
1	    2,740 (10.3)	    1,640 (8.2)	    1,100 (16.1)	        0 (  .)
.	        0 (0.0)	        0 (0.0)	        0 (0.0)	        0 (  .)

HCQ for sensitivity analysis
0	   19,723 (73.8)	   19,437 (97.7)	      286 (4.2)	        0 (  .)
1	    7,000 (26.2)	      450 (2.3)	    6,550 (95.8)	        0 (  .)
.	        0 (0.0)	        0 (0.0)	        0 (0.0)	        0 (  .)

DMARD (PC) for sensivity analysis
0	   23,644 (88.5)	   18,450 (92.8)	    5,194 (76.0)	        0 (  .)
1	    3,079 (11.5)	    1,437 (7.2)	    1,642 (24.0)	        0 (  .)
.	        0 (0.0)	        0 (0.0)	        0 (0.0)	        0 (  .)

