Table 1: Demographic and Clinical Characteristics, RA population
	Total	No HCQ	HCQ	.u

1	  167,874 (100.0)	  144,151 (100.0)	   23,723 (100.0)	        0 (  .)

Population
0	  167,874 (100.0)	  144,151 (100.0)	   23,723 (100.0)	        0 (  .)
.	        0 (0.0)	        0 (0.0)	        0 (0.0)	        0 (  .)

Grouped age
1	   10,088 (6.0)	    8,957 (6.2)	    1,131 (4.8)	        0 (  .)
2	   15,111 (9.0)	   12,822 (8.9)	    2,289 (9.6)	        0 (  .)
3	   30,917 (18.4)	   26,023 (18.1)	    4,894 (20.6)	        0 (  .)
4	   40,035 (23.8)	   33,464 (23.2)	    6,571 (27.7)	        0 (  .)
5	   44,491 (26.5)	   38,279 (26.6)	    6,212 (26.2)	        0 (  .)
6	   27,232 (16.2)	   24,606 (17.1)	    2,626 (11.1)	        0 (  .)

Age (years)
Median (IQR)	67 (56-76)	67 (56-76)	65 (55-73)	. (.-.)
Mean (SD)	64.963848 (14.675578)	65.145396 (14.897559)	63.860684 (13.193684)	. (.)
Min, Max	18, 110	18, 110	18, 100	., .

Male
0	  116,406 (69.3)	   99,238 (68.8)	   17,168 (72.4)	        0 (  .)
1	   51,468 (30.7)	   44,913 (31.2)	    6,555 (27.6)	        0 (  .)

Ethnicity
1	  115,869 (69.0)	   99,746 (69.2)	   16,123 (68.0)	        0 (  .)
2	    8,511 (5.1)	    7,081 (4.9)	    1,430 (6.0)	        0 (  .)
3	    1,981 (1.2)	    1,688 (1.2)	      293 (1.2)	        0 (  .)
4	      881 (0.5)	      724 (0.5)	      157 (0.7)	        0 (  .)
5	    1,354 (0.8)	    1,168 (0.8)	      186 (0.8)	        0 (  .)
.	   39,278 (23.4)	   33,744 (23.4)	    5,534 (23.3)	        0 (  .)

Index of Multiple Deprivation (IMD)
1	   33,439 (19.9)	   28,787 (20.0)	    4,652 (19.6)	        0 (  .)
2	   33,922 (20.2)	   29,199 (20.3)	    4,723 (19.9)	        0 (  .)
3	   33,702 (20.1)	   28,860 (20.0)	    4,842 (20.4)	        0 (  .)
4	   33,311 (19.8)	   28,614 (19.9)	    4,697 (19.8)	        0 (  .)
5	   33,500 (20.0)	   28,691 (19.9)	    4,809 (20.3)	        0 (  .)
.	        0 (0.0)	        0 (0.0)	        0 (0.0)	        0 (  .)

Urban residence
0	   39,577 (23.6)	   33,829 (23.5)	    5,748 (24.2)	        0 (  .)
1	  128,297 (76.4)	  110,322 (76.5)	   17,975 (75.8)	        0 (  .)
.	        0 (0.0)	        0 (0.0)	        0 (0.0)	        0 (  .)

Grouped BMI
1	    3,721 (2.2)	    3,205 (2.2)	      516 (2.2)	        0 (  .)
2	   48,185 (28.7)	   41,443 (28.7)	    6,742 (28.4)	        0 (  .)
3	   54,164 (32.3)	   46,823 (32.5)	    7,341 (30.9)	        0 (  .)
4	   31,102 (18.5)	   26,617 (18.5)	    4,485 (18.9)	        0 (  .)
5	   13,159 (7.8)	   11,103 (7.7)	    2,056 (8.7)	        0 (  .)
6	    6,778 (4.0)	    5,521 (3.8)	    1,257 (5.3)	        0 (  .)
.	   10,765 (6.4)	    9,439 (6.5)	    1,326 (5.6)	        0 (  .)

Evidence of obesity (4 categories)
1	  116,835 (69.6)	  100,910 (70.0)	   15,925 (67.1)	        0 (  .)
2	   31,102 (18.5)	   26,617 (18.5)	    4,485 (18.9)	        0 (  .)
3	   13,159 (7.8)	   11,103 (7.7)	    2,056 (8.7)	        0 (  .)
4	    6,778 (4.0)	    5,521 (3.8)	    1,257 (5.3)	        0 (  .)
.	        0 (0.0)	        0 (0.0)	        0 (0.0)	        0 (  .)

Smoking status
1	   63,068 (37.6)	   54,640 (37.9)	    8,428 (35.5)	        0 (  .)
2	   81,304 (48.4)	   69,376 (48.1)	   11,928 (50.3)	        0 (  .)
3	   23,023 (13.7)	   19,696 (13.7)	    3,327 (14.0)	        0 (  .)
.	      479 (0.3)	      439 (0.3)	       40 (0.2)	        0 (  .)

Smoking status (missing set to non)
1	   63,547 (37.9)	   55,079 (38.2)	    8,468 (35.7)	        0 (  .)
2	   81,304 (48.4)	   69,376 (48.1)	   11,928 (50.3)	        0 (  .)
3	   23,023 (13.7)	   19,696 (13.7)	    3,327 (14.0)	        0 (  .)
.	        0 (0.0)	        0 (0.0)	        0 (0.0)	        0 (  .)

Diabetes Severity
1	  136,690 (81.4)	  116,885 (81.1)	   19,805 (83.5)	        0 (  .)
2	   20,294 (12.1)	   17,659 (12.3)	    2,635 (11.1)	        0 (  .)
3	    8,171 (4.9)	    7,261 (5.0)	      910 (3.8)	        0 (  .)
4	    2,719 (1.6)	    2,346 (1.6)	      373 (1.6)	        0 (  .)
.	        0 (0.0)	        0 (0.0)	        0 (0.0)	        0 (  .)

Calculated eGFR
1	  117,522 (70.0)	   98,630 (68.4)	   18,892 (79.6)	        0 (  .)
2	   21,998 (13.1)	   19,189 (13.3)	    2,809 (11.8)	        0 (  .)
3	    1,622 (1.0)	    1,445 (1.0)	      177 (0.7)	        0 (  .)
.	   26,732 (15.9)	   24,887 (17.3)	    1,845 (7.8)	        0 (  .)

Calculated eGFR (missing set to norm)
1	  144,254 (85.9)	  123,517 (85.7)	   20,737 (87.4)	        0 (  .)
2	   21,998 (13.1)	   19,189 (13.3)	    2,809 (11.8)	        0 (  .)
3	    1,622 (1.0)	    1,445 (1.0)	      177 (0.7)	        0 (  .)
.	        0 (0.0)	        0 (0.0)	        0 (0.0)	        0 (  .)

Chronic cardiac disease
0	  140,625 (83.8)	  120,443 (83.6)	   20,182 (85.1)	        0 (  .)
1	   27,249 (16.2)	   23,708 (16.4)	    3,541 (14.9)	        0 (  .)
.	        0 (0.0)	        0 (0.0)	        0 (0.0)	        0 (  .)

Chronic liver disease
0	  165,763 (98.7)	  142,364 (98.8)	   23,399 (98.6)	        0 (  .)
1	    2,111 (1.3)	    1,787 (1.2)	      324 (1.4)	        0 (  .)
.	        0 (0.0)	        0 (0.0)	        0 (0.0)	        0 (  .)

Respiratory disease (excl asthma)
0	  143,949 (85.7)	  124,068 (86.1)	   19,881 (83.8)	        0 (  .)
1	   23,925 (14.3)	   20,083 (13.9)	    3,842 (16.2)	        0 (  .)
.	        0 (0.0)	        0 (0.0)	        0 (0.0)	        0 (  .)

Neurological conditions (stroke+dementia+other)
0	  156,978 (93.5)	  134,505 (93.3)	   22,473 (94.7)	        0 (  .)
1	   10,896 (6.5)	    9,646 (6.7)	    1,250 (5.3)	        0 (  .)
.	        0 (0.0)	        0 (0.0)	        0 (0.0)	        0 (  .)

Diagnosed hypertension
0	   94,011 (56.0)	   80,196 (55.6)	   13,815 (58.2)	        0 (  .)
1	   73,863 (44.0)	   63,955 (44.4)	    9,908 (41.8)	        0 (  .)
.	        0 (0.0)	        0 (0.0)	        0 (0.0)	        0 (  .)

Diabetes
0	  136,690 (81.4)	  116,885 (81.1)	   19,805 (83.5)	        0 (  .)
1	   31,184 (18.6)	   27,266 (18.9)	    3,918 (16.5)	        0 (  .)
.	        0 (0.0)	        0 (0.0)	        0 (0.0)	        0 (  .)

Cancer
0	  150,271 (89.5)	  128,913 (89.4)	   21,358 (90.0)	        0 (  .)
1	   17,603 (10.5)	   15,238 (10.6)	    2,365 (10.0)	        0 (  .)
.	        0 (0.0)	        0 (0.0)	        0 (0.0)	        0 (  .)

Immunosuppressed (combination algorithm)
0	  165,674 (98.7)	  142,300 (98.7)	   23,374 (98.5)	        0 (  .)
1	    2,200 (1.3)	    1,851 (1.3)	      349 (1.5)	        0 (  .)
.	        0 (0.0)	        0 (0.0)	        0 (0.0)	        0 (  .)

Flu vaccine
0	   58,991 (35.1)	   52,454 (36.4)	    6,537 (27.6)	        0 (  .)
1	  108,883 (64.9)	   91,697 (63.6)	   17,186 (72.4)	        0 (  .)
.	        0 (0.0)	        0 (0.0)	        0 (0.0)	        0 (  .)

Pneumococcal Vaccine
0	  138,456 (82.5)	  120,273 (83.4)	   18,183 (76.6)	        0 (  .)
1	   29,418 (17.5)	   23,878 (16.6)	    5,540 (23.4)	        0 (  .)
.	        0 (0.0)	        0 (0.0)	        0 (0.0)	        0 (  .)

GP consultation in last year
0	    7,184 (4.3)	    6,763 (4.7)	      421 (1.8)	        0 (  .)
1	  160,690 (95.7)	  137,388 (95.3)	   23,302 (98.2)	        0 (  .)
.	        0 (0.0)	        0 (0.0)	        0 (0.0)	        0 (  .)

GP consultation count
Median (IQR)	10 (5-17)	10 (5-17)	11 (6-18)	. (.-.)
Mean (SD)	12.772728 (12.235181)	12.595369 (12.259859)	13.850441 (12.028308)	. (.)
Min, Max	0, 585	0, 585	0, 204	., .



HCQ
0	  144,151 (85.9)	  144,151 (100.0)	        0 (0.0)	        0 (  .)
1	   23,723 (14.1)	        0 (0.0)	   23,723 (100.0)	        0 (  .)
.	        0 (0.0)	        0 (0.0)	        0 (0.0)	        0 (  .)

DMARD (PC)
0	   99,384 (59.2)	   89,750 (62.3)	    9,634 (40.6)	        0 (  .)
1	   68,490 (40.8)	   54,401 (37.7)	   14,089 (59.4)	        0 (  .)
.	        0 (0.0)	        0 (0.0)	        0 (0.0)	        0 (  .)

Azithromycin
0	  167,024 (99.5)	  143,460 (99.5)	   23,564 (99.3)	        0 (  .)
1	      850 (0.5)	      691 (0.5)	      159 (0.7)	        0 (  .)
.	        0 (0.0)	        0 (0.0)	        0 (0.0)	        0 (  .)

OCS
0	  139,016 (82.8)	  120,183 (83.4)	   18,833 (79.4)	        0 (  .)
1	   28,858 (17.2)	   23,968 (16.6)	    4,890 (20.6)	        0 (  .)
.	        0 (0.0)	        0 (0.0)	        0 (0.0)	        0 (  .)

NSAIDs
0	  137,268 (81.8)	  119,109 (82.6)	   18,159 (76.5)	        0 (  .)
1	   30,606 (18.2)	   25,042 (17.4)	    5,564 (23.5)	        0 (  .)
.	        0 (0.0)	        0 (0.0)	        0 (0.0)	        0 (  .)

HCQ for sensitivity analysis
0	  144,188 (85.9)	  143,128 (99.3)	    1,060 (4.5)	        0 (  .)
1	   23,686 (14.1)	    1,023 (0.7)	   22,663 (95.5)	        0 (  .)
.	        0 (0.0)	        0 (0.0)	        0 (0.0)	        0 (  .)

DMARD (PC) for sensivity analysis
0	   99,723 (59.4)	   89,953 (62.4)	    9,770 (41.2)	        0 (  .)
1	   68,151 (40.6)	   54,198 (37.6)	   13,953 (58.8)	        0 (  .)
.	        0 (0.0)	        0 (0.0)	        0 (0.0)	        0 (  .)

