Table 1: Demographic and Clinical Characteristics
	Total	No HCQ	HCQ	.u

1	  194,286 (100.0)	  163,774 (100.0)	   30,512 (100.0)	        0 (  .)

Population
0	  167,554 (86.2)	  143,879 (87.9)	   23,675 (77.6)	        0 (  .)
1	   26,732 (13.8)	   19,895 (12.1)	    6,837 (22.4)	        0 (  .)

Grouped age
1	   13,686 (7.0)	   11,411 (7.0)	    2,275 (7.5)	        0 (  .)
2	   19,411 (10.0)	   15,809 (9.7)	    3,602 (11.8)	        0 (  .)
3	   37,019 (19.1)	   30,403 (18.6)	    6,616 (21.7)	        0 (  .)
4	   45,635 (23.5)	   37,669 (23.0)	    7,966 (26.1)	        0 (  .)
5	   49,115 (25.3)	   41,988 (25.6)	    7,127 (23.4)	        0 (  .)
6	   29,420 (15.1)	   26,494 (16.2)	    2,926 (9.6)	        0 (  .)

Age (years)
Median (IQR)	66 (54-75)	66 (55-76)	63 (53-72)	. (.-.)
Mean (SD)	64.005271 (15.010214)	64.409534 (15.136832)	61.835376 (14.115203)	. (.)
Min, Max	18, 110	18, 110	18, 100	., .

Male
0	  138,203 (71.1)	  114,902 (70.2)	   23,301 (76.4)	        0 (  .)
1	   56,083 (28.9)	   48,872 (29.8)	    7,211 (23.6)	        0 (  .)

Ethnicity
1	  132,436 (68.2)	  112,143 (68.5)	   20,293 (66.5)	        0 (  .)
2	   10,476 (5.4)	    8,485 (5.2)	    1,991 (6.5)	        0 (  .)
3	    2,997 (1.5)	    2,425 (1.5)	      572 (1.9)	        0 (  .)
4	    1,286 (0.7)	    1,011 (0.6)	      275 (0.9)	        0 (  .)
5	    1,827 (0.9)	    1,500 (0.9)	      327 (1.1)	        0 (  .)
.	   45,264 (23.3)	   38,210 (23.3)	    7,054 (23.1)	        0 (  .)

Index of Multiple Deprivation (IMD)
1	   38,912 (20.0)	   32,904 (20.1)	    6,008 (19.7)	        0 (  .)
2	   39,367 (20.3)	   33,293 (20.3)	    6,074 (19.9)	        0 (  .)
3	   38,846 (20.0)	   32,731 (20.0)	    6,115 (20.0)	        0 (  .)
4	   38,384 (19.8)	   32,321 (19.7)	    6,063 (19.9)	        0 (  .)
5	   38,777 (20.0)	   32,525 (19.9)	    6,252 (20.5)	        0 (  .)
.	        0 (0.0)	        0 (0.0)	        0 (0.0)	        0 (  .)

Urban residence
0	   45,401 (23.4)	   38,089 (23.3)	    7,312 (24.0)	        0 (  .)
1	  148,885 (76.6)	  125,685 (76.7)	   23,200 (76.0)	        0 (  .)
.	        0 (0.0)	        0 (0.0)	        0 (0.0)	        0 (  .)

Grouped BMI
1	    4,467 (2.3)	    3,793 (2.3)	      674 (2.2)	        0 (  .)
2	   57,201 (29.4)	   48,237 (29.5)	    8,964 (29.4)	        0 (  .)
3	   61,730 (31.8)	   52,533 (32.1)	    9,197 (30.1)	        0 (  .)
4	   35,177 (18.1)	   29,512 (18.0)	    5,665 (18.6)	        0 (  .)
5	   15,035 (7.7)	   12,395 (7.6)	    2,640 (8.7)	        0 (  .)
6	    7,697 (4.0)	    6,136 (3.7)	    1,561 (5.1)	        0 (  .)
.	   12,979 (6.7)	   11,168 (6.8)	    1,811 (5.9)	        0 (  .)

Evidence of obesity (4 categories)
1	  136,377 (70.2)	  115,731 (70.7)	   20,646 (67.7)	        0 (  .)
2	   35,177 (18.1)	   29,512 (18.0)	    5,665 (18.6)	        0 (  .)
3	   15,035 (7.7)	   12,395 (7.6)	    2,640 (8.7)	        0 (  .)
4	    7,697 (4.0)	    6,136 (3.7)	    1,561 (5.1)	        0 (  .)
.	        0 (0.0)	        0 (0.0)	        0 (0.0)	        0 (  .)

Smoking status
1	   74,060 (38.1)	   62,602 (38.2)	   11,458 (37.6)	        0 (  .)
2	   92,247 (47.5)	   77,586 (47.4)	   14,661 (48.0)	        0 (  .)
3	   27,369 (14.1)	   23,042 (14.1)	    4,327 (14.2)	        0 (  .)
.	      610 (0.3)	      544 (0.3)	       66 (0.2)	        0 (  .)

Smoking status (missing set to non)
1	   74,670 (38.4)	   63,146 (38.6)	   11,524 (37.8)	        0 (  .)
2	   92,247 (47.5)	   77,586 (47.4)	   14,661 (48.0)	        0 (  .)
3	   27,369 (14.1)	   23,042 (14.1)	    4,327 (14.2)	        0 (  .)
.	        0 (0.0)	        0 (0.0)	        0 (0.0)	        0 (  .)

Diabetes Severity
1	  159,550 (82.1)	  133,724 (81.7)	   25,826 (84.6)	        0 (  .)
2	   24,808 (12.8)	   21,329 (13.0)	    3,479 (11.4)	        0 (  .)
3	    9,364 (4.8)	    8,262 (5.0)	    1,102 (3.6)	        0 (  .)
4	      564 (0.3)	      459 (0.3)	      105 (0.3)	        0 (  .)
.	        0 (0.0)	        0 (0.0)	        0 (0.0)	        0 (  .)

Calculated eGFR
1	  127,224 (65.5)	  104,205 (63.6)	   23,019 (75.4)	        0 (  .)
2	   23,808 (12.3)	   20,511 (12.5)	    3,297 (10.8)	        0 (  .)
3	    1,887 (1.0)	    1,648 (1.0)	      239 (0.8)	        0 (  .)
.	   41,367 (21.3)	   37,410 (22.8)	    3,957 (13.0)	        0 (  .)

Calculated eGFR (missing set to norm)
1	  168,591 (86.8)	  141,615 (86.5)	   26,976 (88.4)	        0 (  .)
2	   23,808 (12.3)	   20,511 (12.5)	    3,297 (10.8)	        0 (  .)
3	    1,887 (1.0)	    1,648 (1.0)	      239 (0.8)	        0 (  .)
.	        0 (0.0)	        0 (0.0)	        0 (0.0)	        0 (  .)

Chronic cardiac disease
0	  163,738 (84.3)	  137,534 (84.0)	   26,204 (85.9)	        0 (  .)
1	   30,548 (15.7)	   26,240 (16.0)	    4,308 (14.1)	        0 (  .)
.	        0 (0.0)	        0 (0.0)	        0 (0.0)	        0 (  .)

Chronic liver disease
0	  191,577 (98.6)	  161,554 (98.6)	   30,023 (98.4)	        0 (  .)
1	    2,709 (1.4)	    2,220 (1.4)	      489 (1.6)	        0 (  .)
.	        0 (0.0)	        0 (0.0)	        0 (0.0)	        0 (  .)

Respiratory disease (excl asthma)
0	  167,662 (86.3)	  141,665 (86.5)	   25,997 (85.2)	        0 (  .)
1	   26,624 (13.7)	   22,109 (13.5)	    4,515 (14.8)	        0 (  .)
.	        0 (0.0)	        0 (0.0)	        0 (0.0)	        0 (  .)

Neurological conditions (stroke+dementia+other)
0	  181,590 (93.5)	  152,793 (93.3)	   28,797 (94.4)	        0 (  .)
1	   12,696 (6.5)	   10,981 (6.7)	    1,715 (5.6)	        0 (  .)
.	        0 (0.0)	        0 (0.0)	        0 (0.0)	        0 (  .)

Diagnosed hypertension
0	  111,048 (57.2)	   92,805 (56.7)	   18,243 (59.8)	        0 (  .)
1	   83,238 (42.8)	   70,969 (43.3)	   12,269 (40.2)	        0 (  .)
.	        0 (0.0)	        0 (0.0)	        0 (0.0)	        0 (  .)

Diabetes
0	  159,550 (82.1)	  133,724 (81.7)	   25,826 (84.6)	        0 (  .)
1	   34,736 (17.9)	   30,050 (18.3)	    4,686 (15.4)	        0 (  .)
.	        0 (0.0)	        0 (0.0)	        0 (0.0)	        0 (  .)

Cancer
0	  174,304 (89.7)	  146,666 (89.6)	   27,638 (90.6)	        0 (  .)
1	   19,982 (10.3)	   17,108 (10.4)	    2,874 (9.4)	        0 (  .)
.	        0 (0.0)	        0 (0.0)	        0 (0.0)	        0 (  .)

Immunosuppressed (combination algorithm)
0	  191,320 (98.5)	  161,378 (98.5)	   29,942 (98.1)	        0 (  .)
1	    2,966 (1.5)	    2,396 (1.5)	      570 (1.9)	        0 (  .)
.	        0 (0.0)	        0 (0.0)	        0 (0.0)	        0 (  .)

Flu vaccine
0	   72,230 (37.2)	   62,863 (38.4)	    9,367 (30.7)	        0 (  .)
1	  122,056 (62.8)	  100,911 (61.6)	   21,145 (69.3)	        0 (  .)
.	        0 (0.0)	        0 (0.0)	        0 (0.0)	        0 (  .)

Pneumococcal Vaccine
0	  161,277 (83.0)	  137,512 (84.0)	   23,765 (77.9)	        0 (  .)
1	   33,009 (17.0)	   26,262 (16.0)	    6,747 (22.1)	        0 (  .)
.	        0 (0.0)	        0 (0.0)	        0 (0.0)	        0 (  .)

GP consultation in last year
0	    8,776 (4.5)	    8,245 (5.0)	      531 (1.7)	        0 (  .)
1	  185,510 (95.5)	  155,529 (95.0)	   29,981 (98.3)	        0 (  .)
.	        0 (0.0)	        0 (0.0)	        0 (0.0)	        0 (  .)

GP consultation count
Median (IQR)	10 (5-17)	9 (5-16)	11 (6-18)	. (.-.)
Mean (SD)	12.598355 (12.308559)	12.368648 (12.271736)	13.831312 (12.432238)	. (.)
Min, Max	0, 585	0, 585	0, 288	., .



HCQ
0	  163,774 (84.3)	  163,774 (100.0)	        0 (0.0)	        0 (  .)
1	   30,512 (15.7)	        0 (0.0)	   30,512 (100.0)	        0 (  .)
.	        0 (0.0)	        0 (0.0)	        0 (0.0)	        0 (  .)

DMARD (PC)
0	  122,914 (63.3)	  108,114 (66.0)	   14,800 (48.5)	        0 (  .)
1	   71,372 (36.7)	   55,660 (34.0)	   15,712 (51.5)	        0 (  .)
.	        0 (0.0)	        0 (0.0)	        0 (0.0)	        0 (  .)

Azithromycin
0	  193,339 (99.5)	  163,024 (99.5)	   30,315 (99.4)	        0 (  .)
1	      947 (0.5)	      750 (0.5)	      197 (0.6)	        0 (  .)
.	        0 (0.0)	        0 (0.0)	        0 (0.0)	        0 (  .)

OCS
0	  160,685 (82.7)	  137,042 (83.7)	   23,643 (77.5)	        0 (  .)
1	   33,601 (17.3)	   26,732 (16.3)	    6,869 (22.5)	        0 (  .)
.	        0 (0.0)	        0 (0.0)	        0 (0.0)	        0 (  .)

NSAIDs
0	  161,015 (82.9)	  137,148 (83.7)	   23,867 (78.2)	        0 (  .)
1	   33,271 (17.1)	   26,626 (16.3)	    6,645 (21.8)	        0 (  .)
.	        0 (0.0)	        0 (0.0)	        0 (0.0)	        0 (  .)

HCQ for sensitivity analysis
0	  163,647 (84.2)	  162,302 (99.1)	    1,345 (4.4)	        0 (  .)
1	   30,639 (15.8)	    1,472 (0.9)	   29,167 (95.6)	        0 (  .)
.	        0 (0.0)	        0 (0.0)	        0 (0.0)	        0 (  .)

DMARD (PC) for sensivity analysis
0	  123,196 (63.4)	  108,252 (66.1)	   14,944 (49.0)	        0 (  .)
1	   71,090 (36.6)	   55,522 (33.9)	   15,568 (51.0)	        0 (  .)
.	        0 (0.0)	        0 (0.0)	        0 (0.0)	        0 (  .)

