Table 1: Demographic and Clinical Characteristics
	Total	No HCQ	HCQ	.u

1	  194,236 (100.0)	  163,735 (100.0)	   30,501 (100.0)	        0 (  .)

RA
0	   25,623 (13.2)	   19,219 (11.7)	    6,404 (21.0)	        0 (  .)
1	  168,613 (86.8)	  144,516 (88.3)	   24,097 (79.0)	        0 (  .)

SLE
0	  165,960 (85.4)	  142,922 (87.3)	   23,038 (75.5)	        0 (  .)
1	   28,276 (14.6)	   20,813 (12.7)	    7,463 (24.5)	        0 (  .)

Grouped age
1	   13,683 (7.0)	   11,409 (7.0)	    2,274 (7.5)	        0 (  .)
2	   19,406 (10.0)	   15,804 (9.7)	    3,602 (11.8)	        0 (  .)
3	   37,024 (19.1)	   30,408 (18.6)	    6,616 (21.7)	        0 (  .)
4	   45,617 (23.5)	   37,655 (23.0)	    7,962 (26.1)	        0 (  .)
5	   49,101 (25.3)	   41,976 (25.6)	    7,125 (23.4)	        0 (  .)
6	   29,405 (15.1)	   26,483 (16.2)	    2,922 (9.6)	        0 (  .)

Age (years)
Median (IQR)	66 (54-75)	66 (55-76)	63 (53-72)	. (.-.)
Mean (SD)	64.003846 (15.0099)	64.408526 (15.136435)	61.831448 (14.114818)	. (.)
Min, Max	18, 110	18, 110	18, 100	., .

Male
0	  138,160 (71.1)	  114,866 (70.2)	   23,294 (76.4)	        0 (  .)
1	   56,076 (28.9)	   48,869 (29.8)	    7,207 (23.6)	        0 (  .)

Ethnicity
1	  132,408 (68.2)	  112,123 (68.5)	   20,285 (66.5)	        0 (  .)
2	    1,281 (0.7)	    1,007 (0.6)	      274 (0.9)	        0 (  .)
3	   10,477 (5.4)	    8,489 (5.2)	    1,988 (6.5)	        0 (  .)
4	    2,996 (1.5)	    2,425 (1.5)	      571 (1.9)	        0 (  .)
5	    1,834 (0.9)	    1,503 (0.9)	      331 (1.1)	        0 (  .)
.	   45,240 (23.3)	   38,188 (23.3)	    7,052 (23.1)	        0 (  .)

Index of Multiple Deprivation (IMD)
1	   38,904 (20.0)	   32,892 (20.1)	    6,012 (19.7)	        0 (  .)
2	   39,314 (20.2)	   33,251 (20.3)	    6,063 (19.9)	        0 (  .)
3	   38,834 (20.0)	   32,715 (20.0)	    6,119 (20.1)	        0 (  .)
4	   38,386 (19.8)	   32,326 (19.7)	    6,060 (19.9)	        0 (  .)
5	   38,798 (20.0)	   32,551 (19.9)	    6,247 (20.5)	        0 (  .)
.	        0 (0.0)	        0 (0.0)	        0 (0.0)	        0 (  .)

Residence type
1	   34,679 (17.9)	   29,435 (18.0)	    5,244 (17.2)	        0 (  .)
2	   11,686 (6.0)	    9,872 (6.0)	    1,814 (5.9)	        0 (  .)
3	  101,669 (52.3)	   85,677 (52.3)	   15,992 (52.4)	        0 (  .)
4	      826 (0.4)	      689 (0.4)	      137 (0.4)	        0 (  .)
5	   25,078 (12.9)	   21,053 (12.9)	    4,025 (13.2)	        0 (  .)
6	    1,257 (0.6)	    1,036 (0.6)	      221 (0.7)	        0 (  .)
7	   17,451 (9.0)	   14,621 (8.9)	    2,830 (9.3)	        0 (  .)
8	    1,578 (0.8)	    1,341 (0.8)	      237 (0.8)	        0 (  .)
/********************************** REDACTED ****************************************/

Urban residence
0	   45,364 (23.4)	   38,051 (23.2)	    7,313 (24.0)	        0 (  .)
1	  148,860 (76.6)	  125,673 (76.8)	   23,187 (76.0)	        0 (  .)
/********************************** REDACTED ****************************************/

Grouped BMI
1	    4,452 (2.3)	    3,778 (2.3)	      674 (2.2)	        0 (  .)
2	   57,178 (29.4)	   48,218 (29.4)	    8,960 (29.4)	        0 (  .)
3	   61,723 (31.8)	   52,526 (32.1)	    9,197 (30.2)	        0 (  .)
4	   35,166 (18.1)	   29,506 (18.0)	    5,660 (18.6)	        0 (  .)
5	   15,035 (7.7)	   12,396 (7.6)	    2,639 (8.7)	        0 (  .)
6	    7,688 (4.0)	    6,128 (3.7)	    1,560 (5.1)	        0 (  .)
.	   12,994 (6.7)	   11,183 (6.8)	    1,811 (5.9)	        0 (  .)

Evidence of obesity (4 categories)
1	  136,347 (70.2)	  115,705 (70.7)	   20,642 (67.7)	        0 (  .)
2	   35,166 (18.1)	   29,506 (18.0)	    5,660 (18.6)	        0 (  .)
3	   15,035 (7.7)	   12,396 (7.6)	    2,639 (8.7)	        0 (  .)
4	    7,688 (4.0)	    6,128 (3.7)	    1,560 (5.1)	        0 (  .)
.	        0 (0.0)	        0 (0.0)	        0 (0.0)	        0 (  .)

Smoking status
1	   74,031 (38.1)	   62,578 (38.2)	   11,453 (37.5)	        0 (  .)
2	   92,237 (47.5)	   77,580 (47.4)	   14,657 (48.1)	        0 (  .)
3	   27,358 (14.1)	   23,033 (14.1)	    4,325 (14.2)	        0 (  .)
.	      610 (0.3)	      544 (0.3)	       66 (0.2)	        0 (  .)

Smoking status (missing set to non)
1	   74,641 (38.4)	   63,122 (38.6)	   11,519 (37.8)	        0 (  .)
2	   92,237 (47.5)	   77,580 (47.4)	   14,657 (48.1)	        0 (  .)
3	   27,358 (14.1)	   23,033 (14.1)	    4,325 (14.2)	        0 (  .)
.	        0 (0.0)	        0 (0.0)	        0 (0.0)	        0 (  .)

Diabetes Severity
1	  159,503 (82.1)	  133,687 (81.6)	   25,816 (84.6)	        0 (  .)
2	   24,809 (12.8)	   21,330 (13.0)	    3,479 (11.4)	        0 (  .)
3	    9,364 (4.8)	    8,263 (5.0)	    1,101 (3.6)	        0 (  .)
4	      560 (0.3)	      455 (0.3)	      105 (0.3)	        0 (  .)
.	        0 (0.0)	        0 (0.0)	        0 (0.0)	        0 (  .)

Calculated eGFR
1	  127,180 (65.5)	  104,171 (63.6)	   23,009 (75.4)	        0 (  .)
2	   23,804 (12.3)	   20,506 (12.5)	    3,298 (10.8)	        0 (  .)
3	    1,885 (1.0)	    1,646 (1.0)	      239 (0.8)	        0 (  .)
.	   41,367 (21.3)	   37,412 (22.8)	    3,955 (13.0)	        0 (  .)

Calculated eGFR (missing set to norm)
1	  168,547 (86.8)	  141,583 (86.5)	   26,964 (88.4)	        0 (  .)
2	   23,804 (12.3)	   20,506 (12.5)	    3,298 (10.8)	        0 (  .)
3	    1,885 (1.0)	    1,646 (1.0)	      239 (0.8)	        0 (  .)
.	        0 (0.0)	        0 (0.0)	        0 (0.0)	        0 (  .)

Chronic cardiac disease
0	  163,696 (84.3)	  137,499 (84.0)	   26,197 (85.9)	        0 (  .)
1	   30,540 (15.7)	   26,236 (16.0)	    4,304 (14.1)	        0 (  .)
.	        0 (0.0)	        0 (0.0)	        0 (0.0)	        0 (  .)

Chronic liver disease
0	  191,527 (98.6)	  161,515 (98.6)	   30,012 (98.4)	        0 (  .)
1	    2,709 (1.4)	    2,220 (1.4)	      489 (1.6)	        0 (  .)
.	        0 (0.0)	        0 (0.0)	        0 (0.0)	        0 (  .)

Respiratory disease (excl asthma)
0	  167,619 (86.3)	  141,634 (86.5)	   25,985 (85.2)	        0 (  .)
1	   26,617 (13.7)	   22,101 (13.5)	    4,516 (14.8)	        0 (  .)
.	        0 (0.0)	        0 (0.0)	        0 (0.0)	        0 (  .)

Neurological conditions (stroke+dementia+other)
0	  181,550 (93.5)	  152,762 (93.3)	   28,788 (94.4)	        0 (  .)
1	   12,686 (6.5)	   10,973 (6.7)	    1,713 (5.6)	        0 (  .)
.	        0 (0.0)	        0 (0.0)	        0 (0.0)	        0 (  .)

Diagnosed hypertension
0	  111,021 (57.2)	   92,784 (56.7)	   18,237 (59.8)	        0 (  .)
1	   83,215 (42.8)	   70,951 (43.3)	   12,264 (40.2)	        0 (  .)
.	        0 (0.0)	        0 (0.0)	        0 (0.0)	        0 (  .)

Diabetes
0	  159,503 (82.1)	  133,687 (81.6)	   25,816 (84.6)	        0 (  .)
1	   34,733 (17.9)	   30,048 (18.4)	    4,685 (15.4)	        0 (  .)
.	        0 (0.0)	        0 (0.0)	        0 (0.0)	        0 (  .)

Cancer
0	  174,274 (89.7)	  146,643 (89.6)	   27,631 (90.6)	        0 (  .)
1	   19,962 (10.3)	   17,092 (10.4)	    2,870 (9.4)	        0 (  .)
.	        0 (0.0)	        0 (0.0)	        0 (0.0)	        0 (  .)

Immunosuppressed (combination algorithm)
0	  191,272 (98.5)	  161,340 (98.5)	   29,932 (98.1)	        0 (  .)
1	    2,964 (1.5)	    2,395 (1.5)	      569 (1.9)	        0 (  .)
.	        0 (0.0)	        0 (0.0)	        0 (0.0)	        0 (  .)

Flu vaccine
0	   72,231 (37.2)	   62,866 (38.4)	    9,365 (30.7)	        0 (  .)
1	  122,005 (62.8)	  100,869 (61.6)	   21,136 (69.3)	        0 (  .)
.	        0 (0.0)	        0 (0.0)	        0 (0.0)	        0 (  .)

Pneumococcal Vaccine
0	  161,241 (83.0)	  137,482 (84.0)	   23,759 (77.9)	        0 (  .)
1	   32,995 (17.0)	   26,253 (16.0)	    6,742 (22.1)	        0 (  .)
.	        0 (0.0)	        0 (0.0)	        0 (0.0)	        0 (  .)

GP consultation in last year
0	    8,719 (4.5)	    8,197 (5.0)	      522 (1.7)	        0 (  .)
1	  185,517 (95.5)	  155,538 (95.0)	   29,979 (98.3)	        0 (  .)
.	        0 (0.0)	        0 (0.0)	        0 (0.0)	        0 (  .)

GP consultation count
Median (IQR)	10 (5-17)	9 (5-16)	11 (6-18)	. (.-.)
Mean (SD)	12.600651 (12.308868)	12.370678 (12.27265)	13.835186 (12.429178)	. (.)
Min, Max	0, 585	0, 585	0, 288	., .



HCQ
0	  163,735 (84.3)	  163,735 (100.0)	        0 (0.0)	        0 (  .)
1	   30,501 (15.7)	        0 (0.0)	   30,501 (100.0)	        0 (  .)
.	        0 (0.0)	        0 (0.0)	        0 (0.0)	        0 (  .)

DMARD (PC)
0	  122,894 (63.3)	  108,097 (66.0)	   14,797 (48.5)	        0 (  .)
1	   71,342 (36.7)	   55,638 (34.0)	   15,704 (51.5)	        0 (  .)
.	        0 (0.0)	        0 (0.0)	        0 (0.0)	        0 (  .)

Azithromycin
0	  193,288 (99.5)	  162,984 (99.5)	   30,304 (99.4)	        0 (  .)
1	      948 (0.5)	      751 (0.5)	      197 (0.6)	        0 (  .)
.	        0 (0.0)	        0 (0.0)	        0 (0.0)	        0 (  .)

OCS
0	  160,643 (82.7)	  137,008 (83.7)	   23,635 (77.5)	        0 (  .)
1	   33,593 (17.3)	   26,727 (16.3)	    6,866 (22.5)	        0 (  .)
.	        0 (0.0)	        0 (0.0)	        0 (0.0)	        0 (  .)

NSAIDs
0	  160,980 (82.9)	  137,121 (83.7)	   23,859 (78.2)	        0 (  .)
1	   33,256 (17.1)	   26,614 (16.3)	    6,642 (21.8)	        0 (  .)
.	        0 (0.0)	        0 (0.0)	        0 (0.0)	        0 (  .)

HCQ for sensitivity analysis
0	  163,608 (84.2)	  162,263 (99.1)	    1,345 (4.4)	        0 (  .)
1	   30,628 (15.8)	    1,472 (0.9)	   29,156 (95.6)	        0 (  .)
.	        0 (0.0)	        0 (0.0)	        0 (0.0)	        0 (  .)

DMARD (PC) for sensivity analysis
0	  123,177 (63.4)	  108,236 (66.1)	   14,941 (49.0)	        0 (  .)
1	   71,059 (36.6)	   55,499 (33.9)	   15,560 (51.0)	        0 (  .)
.	        0 (0.0)	        0 (0.0)	        0 (0.0)	        0 (  .)

