Table 1: Demographic and Clinical Characteristics
	Total	No HCQ	HCQ	.u

1	  194,226 (100.0)	  163,727 (100.0)	   30,499 (100.0)	        0 (  .)

RA
0	   25,623 (13.2)	   19,219 (11.7)	    6,404 (21.0)	        0 (  .)
1	  168,603 (86.8)	  144,508 (88.3)	   24,095 (79.0)	        0 (  .)

SLE
0	  165,950 (85.4)	  142,914 (87.3)	   23,036 (75.5)	        0 (  .)
1	   28,276 (14.6)	   20,813 (12.7)	    7,463 (24.5)	        0 (  .)

Grouped age
1	   13,683 (7.0)	   11,409 (7.0)	    2,274 (7.5)	        0 (  .)
2	   19,406 (10.0)	   15,804 (9.7)	    3,602 (11.8)	        0 (  .)
3	   37,023 (19.1)	   30,407 (18.6)	    6,616 (21.7)	        0 (  .)
4	   45,613 (23.5)	   37,652 (23.0)	    7,961 (26.1)	        0 (  .)
5	   49,099 (25.3)	   41,975 (25.6)	    7,124 (23.4)	        0 (  .)
6	   29,402 (15.1)	   26,480 (16.2)	    2,922 (9.6)	        0 (  .)

Age (years)
Median (IQR)	66 (54-75)	66 (55-76)	63 (53-72)	. (.-.)
Mean (SD)	64.003341 (15.009942)	64.40799 (15.136426)	61.831076 (14.115159)	. (.)
Min, Max	18, 110	18, 110	18, 100	., .

Male
0	  138,151 (71.1)	  114,859 (70.2)	   23,292 (76.4)	        0 (  .)
1	   56,075 (28.9)	   48,868 (29.8)	    7,207 (23.6)	        0 (  .)

Ethnicity
1	  132,402 (68.2)	  112,119 (68.5)	   20,283 (66.5)	        0 (  .)
2	    1,281 (0.7)	    1,007 (0.6)	      274 (0.9)	        0 (  .)
3	   10,477 (5.4)	    8,489 (5.2)	    1,988 (6.5)	        0 (  .)
4	    2,995 (1.5)	    2,424 (1.5)	      571 (1.9)	        0 (  .)
5	    1,834 (0.9)	    1,503 (0.9)	      331 (1.1)	        0 (  .)
.	   45,237 (23.3)	   38,185 (23.3)	    7,052 (23.1)	        0 (  .)

Index of Multiple Deprivation (IMD)
1	   38,901 (20.0)	   32,890 (20.1)	    6,011 (19.7)	        0 (  .)
2	   39,314 (20.2)	   33,251 (20.3)	    6,063 (19.9)	        0 (  .)
3	   38,830 (20.0)	   32,712 (20.0)	    6,118 (20.1)	        0 (  .)
4	   38,385 (19.8)	   32,325 (19.7)	    6,060 (19.9)	        0 (  .)
5	   38,796 (20.0)	   32,549 (19.9)	    6,247 (20.5)	        0 (  .)
.	        0 (0.0)	        0 (0.0)	        0 (0.0)	        0 (  .)

Residence type
1	   34,677 (17.9)	   29,434 (18.0)	    5,243 (17.2)	        0 (  .)
2	   11,682 (6.0)	    9,868 (6.0)	    1,814 (5.9)	        0 (  .)
3	  101,666 (52.3)	   85,675 (52.3)	   15,991 (52.4)	        0 (  .)
4	      826 (0.4)	      689 (0.4)	      137 (0.4)	        0 (  .)
5	   25,078 (12.9)	   21,053 (12.9)	    4,025 (13.2)	        0 (  .)
6	    1,257 (0.6)	    1,036 (0.6)	      221 (0.7)	        0 (  .)
7	   17,450 (9.0)	   14,620 (8.9)	    2,830 (9.3)	        0 (  .)
8	    1,578 (0.8)	    1,341 (0.8)	      237 (0.8)	        0 (  .)
/********************************** REDACTED ****************************************/

Urban residence
0	   45,363 (23.4)	   38,050 (23.2)	    7,313 (24.0)	        0 (  .)
1	  148,851 (76.6)	  125,666 (76.8)	   23,185 (76.0)	        0 (  .)
/********************************** REDACTED ****************************************/

Grouped BMI
1	    4,450 (2.3)	    3,777 (2.3)	      673 (2.2)	        0 (  .)
2	   57,178 (29.4)	   48,218 (29.5)	    8,960 (29.4)	        0 (  .)
3	   61,717 (31.8)	   52,521 (32.1)	    9,196 (30.2)	        0 (  .)
4	   35,165 (18.1)	   29,505 (18.0)	    5,660 (18.6)	        0 (  .)
5	   15,035 (7.7)	   12,396 (7.6)	    2,639 (8.7)	        0 (  .)
6	    7,687 (4.0)	    6,127 (3.7)	    1,560 (5.1)	        0 (  .)
.	   12,994 (6.7)	   11,183 (6.8)	    1,811 (5.9)	        0 (  .)

Evidence of obesity (4 categories)
1	  136,339 (70.2)	  115,699 (70.7)	   20,640 (67.7)	        0 (  .)
2	   35,165 (18.1)	   29,505 (18.0)	    5,660 (18.6)	        0 (  .)
3	   15,035 (7.7)	   12,396 (7.6)	    2,639 (8.7)	        0 (  .)
4	    7,687 (4.0)	    6,127 (3.7)	    1,560 (5.1)	        0 (  .)
.	        0 (0.0)	        0 (0.0)	        0 (0.0)	        0 (  .)

Smoking status
1	   74,027 (38.1)	   62,574 (38.2)	   11,453 (37.6)	        0 (  .)
2	   92,231 (47.5)	   77,576 (47.4)	   14,655 (48.1)	        0 (  .)
3	   27,358 (14.1)	   23,033 (14.1)	    4,325 (14.2)	        0 (  .)
.	      610 (0.3)	      544 (0.3)	       66 (0.2)	        0 (  .)

Smoking status (missing set to non)
1	   74,637 (38.4)	   63,118 (38.6)	   11,519 (37.8)	        0 (  .)
2	   92,231 (47.5)	   77,576 (47.4)	   14,655 (48.1)	        0 (  .)
3	   27,358 (14.1)	   23,033 (14.1)	    4,325 (14.2)	        0 (  .)
.	        0 (0.0)	        0 (0.0)	        0 (0.0)	        0 (  .)

Diabetes Severity
1	  159,496 (82.1)	  133,682 (81.6)	   25,814 (84.6)	        0 (  .)
2	   24,807 (12.8)	   21,328 (13.0)	    3,479 (11.4)	        0 (  .)
3	    9,363 (4.8)	    8,262 (5.0)	    1,101 (3.6)	        0 (  .)
4	      560 (0.3)	      455 (0.3)	      105 (0.3)	        0 (  .)
.	        0 (0.0)	        0 (0.0)	        0 (0.0)	        0 (  .)

Calculated eGFR
1	  127,173 (65.5)	  104,166 (63.6)	   23,007 (75.4)	        0 (  .)
2	   23,801 (12.3)	   20,503 (12.5)	    3,298 (10.8)	        0 (  .)
3	    1,885 (1.0)	    1,646 (1.0)	      239 (0.8)	        0 (  .)
.	   41,367 (21.3)	   37,412 (22.9)	    3,955 (13.0)	        0 (  .)

Calculated eGFR (missing set to norm)
1	  168,540 (86.8)	  141,578 (86.5)	   26,962 (88.4)	        0 (  .)
2	   23,801 (12.3)	   20,503 (12.5)	    3,298 (10.8)	        0 (  .)
3	    1,885 (1.0)	    1,646 (1.0)	      239 (0.8)	        0 (  .)
.	        0 (0.0)	        0 (0.0)	        0 (0.0)	        0 (  .)

Chronic cardiac disease
0	  163,688 (84.3)	  137,493 (84.0)	   26,195 (85.9)	        0 (  .)
1	   30,538 (15.7)	   26,234 (16.0)	    4,304 (14.1)	        0 (  .)
.	        0 (0.0)	        0 (0.0)	        0 (0.0)	        0 (  .)

Chronic liver disease
0	  191,517 (98.6)	  161,507 (98.6)	   30,010 (98.4)	        0 (  .)
1	    2,709 (1.4)	    2,220 (1.4)	      489 (1.6)	        0 (  .)
.	        0 (0.0)	        0 (0.0)	        0 (0.0)	        0 (  .)

Respiratory disease (excl asthma)
0	  167,611 (86.3)	  141,627 (86.5)	   25,984 (85.2)	        0 (  .)
1	   26,615 (13.7)	   22,100 (13.5)	    4,515 (14.8)	        0 (  .)
.	        0 (0.0)	        0 (0.0)	        0 (0.0)	        0 (  .)

Neurological conditions (stroke+dementia+other)
0	  181,543 (93.5)	  152,756 (93.3)	   28,787 (94.4)	        0 (  .)
1	   12,683 (6.5)	   10,971 (6.7)	    1,712 (5.6)	        0 (  .)
.	        0 (0.0)	        0 (0.0)	        0 (0.0)	        0 (  .)

Diagnosed hypertension
0	  111,014 (57.2)	   92,779 (56.7)	   18,235 (59.8)	        0 (  .)
1	   83,212 (42.8)	   70,948 (43.3)	   12,264 (40.2)	        0 (  .)
.	        0 (0.0)	        0 (0.0)	        0 (0.0)	        0 (  .)

Diabetes
0	  159,496 (82.1)	  133,682 (81.6)	   25,814 (84.6)	        0 (  .)
1	   34,730 (17.9)	   30,045 (18.4)	    4,685 (15.4)	        0 (  .)
.	        0 (0.0)	        0 (0.0)	        0 (0.0)	        0 (  .)

Cancer
0	  174,266 (89.7)	  146,636 (89.6)	   27,630 (90.6)	        0 (  .)
1	   19,960 (10.3)	   17,091 (10.4)	    2,869 (9.4)	        0 (  .)
.	        0 (0.0)	        0 (0.0)	        0 (0.0)	        0 (  .)

Immunosuppressed (combination algorithm)
0	  191,262 (98.5)	  161,332 (98.5)	   29,930 (98.1)	        0 (  .)
1	    2,964 (1.5)	    2,395 (1.5)	      569 (1.9)	        0 (  .)
.	        0 (0.0)	        0 (0.0)	        0 (0.0)	        0 (  .)

Flu vaccine
0	   72,228 (37.2)	   62,863 (38.4)	    9,365 (30.7)	        0 (  .)
1	  121,998 (62.8)	  100,864 (61.6)	   21,134 (69.3)	        0 (  .)
.	        0 (0.0)	        0 (0.0)	        0 (0.0)	        0 (  .)

Pneumococcal Vaccine
0	  161,234 (83.0)	  137,476 (84.0)	   23,758 (77.9)	        0 (  .)
1	   32,992 (17.0)	   26,251 (16.0)	    6,741 (22.1)	        0 (  .)
.	        0 (0.0)	        0 (0.0)	        0 (0.0)	        0 (  .)

GP consultation in last year
0	    8,719 (4.5)	    8,197 (5.0)	      522 (1.7)	        0 (  .)
1	  185,507 (95.5)	  155,530 (95.0)	   29,977 (98.3)	        0 (  .)
.	        0 (0.0)	        0 (0.0)	        0 (0.0)	        0 (  .)

GP consultation count
Median (IQR)	10 (5-17)	9 (5-16)	11 (6-18)	. (.-.)
Mean (SD)	12.600656 (12.30906)	12.370599 (12.272834)	13.835667 (12.429364)	. (.)
Min, Max	0, 585	0, 585	0, 288	., .



HCQ
0	  163,727 (84.3)	  163,727 (100.0)	        0 (0.0)	        0 (  .)
1	   30,499 (15.7)	        0 (0.0)	   30,499 (100.0)	        0 (  .)
.	        0 (0.0)	        0 (0.0)	        0 (0.0)	        0 (  .)

DMARD (PC)
0	  122,889 (63.3)	  108,093 (66.0)	   14,796 (48.5)	        0 (  .)
1	   71,337 (36.7)	   55,634 (34.0)	   15,703 (51.5)	        0 (  .)
.	        0 (0.0)	        0 (0.0)	        0 (0.0)	        0 (  .)

Azithromycin
0	  193,279 (99.5)	  162,977 (99.5)	   30,302 (99.4)	        0 (  .)
1	      947 (0.5)	      750 (0.5)	      197 (0.6)	        0 (  .)
.	        0 (0.0)	        0 (0.0)	        0 (0.0)	        0 (  .)

OCS
0	  160,635 (82.7)	  137,001 (83.7)	   23,634 (77.5)	        0 (  .)
1	   33,591 (17.3)	   26,726 (16.3)	    6,865 (22.5)	        0 (  .)
.	        0 (0.0)	        0 (0.0)	        0 (0.0)	        0 (  .)

NSAIDs
0	  160,971 (82.9)	  137,114 (83.7)	   23,857 (78.2)	        0 (  .)
1	   33,255 (17.1)	   26,613 (16.3)	    6,642 (21.8)	        0 (  .)
.	        0 (0.0)	        0 (0.0)	        0 (0.0)	        0 (  .)

HCQ for sensitivity analysis
0	  163,600 (84.2)	  162,255 (99.1)	    1,345 (4.4)	        0 (  .)
1	   30,626 (15.8)	    1,472 (0.9)	   29,154 (95.6)	        0 (  .)
.	        0 (0.0)	        0 (0.0)	        0 (0.0)	        0 (  .)

DMARD (PC) for sensivity analysis
0	  123,172 (63.4)	  108,232 (66.1)	   14,940 (49.0)	        0 (  .)
1	   71,054 (36.6)	   55,495 (33.9)	   15,559 (51.0)	        0 (  .)
.	        0 (0.0)	        0 (0.0)	        0 (0.0)	        0 (  .)

